4294967279,35
4294967279,34
4294967279,33
4294967279,32
4294967279,31
4294967279,30
4294967279,29
4294967279,48
4294967279,47
4294967279,46
4294967279,45
4294967279,44
4294967279,43
4294967279,42
4294967279,41
4294967279,40
4294967279,39
4294967279,38
4294967279,37
4294967279,36
4294967278,144
20,4
20,5
4294967278,529
4294967294,430
4294967279,337
4294967278,528
4294967278,139
4294967279,139
4294967278,138
20,6
4294967279,136
4294967279,274
4294967278,276
4294967279,137
20,3
20,2
20,1
4294967279,287
4294967278,136
4294967294,97
4294967294,189
4294967294,184
4294967294,384
4294967294,185
4294967279,56
4294967279,55
4294967279,54
4294967279,53
4294967279,52
4294967279,51
4294967279,50
4294967279,49
4294967278,135
4294967279,134
4294967279,72
4294967279,71
4294967279,70
4294967279,69
4294967279,68
4294967279,67
4294967279,66
4294967279,65
4294967279,64
4294967279,63
4294967279,62
4294967279,61
4294967279,60
4294967279,59
4294967279,58
4294967279,57
4294967278,133
4294967279,272
4294967278,275
4294967279,271
4294967278,282
4294967279,285
4294967278,273
4294967279,99
4294967279,98
4294967279,97
4294967279,96
4294967279,95
4294967279,94
4294967279,93
4294967279,92
4294967279,91
4294967279,90
4294967279,89
4294967279,87
4294967279,86
4294967279,85
4294967279,84
4294967279,83
4294967279,82
4294967279,81
4294967279,80
4294967279,79
4294967279,78
4294967279,77
4294967279,76
4294967279,75
4294967279,74
4294967279,73
4294967278,527
4294967278,269
4294967278,526
4294967279,284
4294967278,525
4294967279,267
4294967279,336
4294967278,281
4294967279,283
4294967278,265
4294967279,265
4294967279,335
4294967278,264
4294967278,277
4294967279,334
4294967278,279
4294967278,263
4294967279,262
4294967278,259
4294967278,262
19,5
4294967279,282
19,4
4294967278,261
19,3
19,2
19,1
4294967278,524
4294967279,259
4294967278,258
4294967279,276
4294967278,257
4294967279,256
4294967279,333
4294967278,523
4294967279,255
4294967278,522
4294967279,332
4294967278,521
4294967278,520
4294967278,519
4294967279,254
4294967279,121
4294967279,120
4294967279,119
4294967279,118
4294967279,116
4294967279,115
4294967279,114
4294967279,235
4294967279,233
4294967279,110
4294967279,109
4294967279,108
4294967279,107
4294967279,106
4294967279,105
4294967279,104
4294967279,103
4294967279,102
4294967279,101
4294967279,100
4294967279,331
4294967278,518
4294967279,330
4294967278,517
4294967279,329
4294967279,328
4294967279,117
4294967278,255
4294967279,327
4294967278,516
4294967278,515
4294967279,326
4294967278,254
4294967279,251
4294967278,253
4294967278,252
4294967279,250
4294967279,325
4294967278,250
4294967279,249
4294967279,248
4294967278,246
4294967279,242
4294967279,246
17,5
4294967278,244
17,4
4294967279,244
17,3
17,2
17,1
4294967279,243
4294967278,242
4294967279,240
4294967278,238
4294967279,238
4294967278,237
4294967278,514
4294967279,237
4294967294,921
4294967294,962
4294967294,912
4294967294,423
4294967278,236
4294967279,324
4294967279,113
4294967278,235
4294967279,111
4294967279,112
4294967278,233
4294967278,230
4294967278,228
4294967278,14
4294967278,13
4294967278,12
4294967278,11
4294967278,10
4294967278,9
4294967278,8
4294967278,7
4294967278,6
4294967278,5
4294967278,4
4294967279,132
4294967279,131
4294967279,130
4294967279,129
4294967279,128
4294967279,127
4294967279,126
4294967279,125
4294967279,124
4294967279,123
4294967279,122
4294967278,227
4294967278,225
4294967278,222
4294967278,221
4294967278,218
4294967278,217
4294967278,215
4294967279,323
4294967278,513
4294967278,212
4294967279,322
4294967278,211
4294967278,512
4294967278,210
4294967278,209
4294967278,206
4294967278,208
15,5
15,4
4294967278,207
15,3
15,2
15,1
4294967278,319
4294967278,205
4294967278,204
4294967279,321
4294967278,203
4294967294,390
4294967294,115
4294967294,388
4294967278,202
4294967278,201
4294967278,318
4294967279,320
4294967279,319
4294967278,200
13,5
4294967278,198
13,4
4294967278,197
13,3
13,2
13,1
4294967278,317
4294967278,196
4294967279,318
4294967278,316
4294967279,317
4294967278,315
4294967279,316
4294967279,315
4294967278,314
4294967278,313
4294967279,314
4294967279,313
